N Max_Pearson Avg_Pearson Max_PSNR Avg_PSNR Max_Recovered Avg_Recovered
10 0.8580138087272644 0.8580138087272644 15.044283952689488 15.044283952689488 0 0.0
10 0.5723373889923096 0.5723373889923096 12.536133623917427 12.536133623917427 0 0.0
10 0.909614086151123 0.909614086151123 17.893719384419708 17.893719384419708 0 0.0
10 0.6865898370742798 0.6865898370742798 13.322368198103451 13.322368198103451 0 0.0
10 0.9739729762077332 0.9739729762077332 21.849881045332854 21.849881045332854 0 0.0
10 0.8388336896896362 0.8388336896896362 15.521670627154707 15.521670627154707 0 0.0
10 0.9710433483123779 0.9710433483123779 19.71228934482558 19.71228934482558 0 0.0
10 0.7923063039779663 0.7923063039779663 14.912063657632178 14.912063657632178 0 0.0
10 0.953580915927887 0.953580915927887 19.034155354178186 19.034155354178186 0 0.0
10 0.9247445464134216 0.9247445464134216 20.14620106865172 20.14620106865172 0 0.0
