N Max_Pearson Avg_Pearson Max_PSNR Avg_PSNR Max_Recovered Avg_Recovered
10 0.8700928092002869 0.8700928092002869 15.326614700936423 15.326614700936423 0 0.0
10 0.5968804359436035 0.5968804359436035 12.47144616176693 12.47144616176693 0 0.0
10 0.9169146418571472 0.9169146418571472 18.341371540466817 18.341371540466817 0 0.0
10 0.6940326690673828 0.6940326690673828 13.385711417385448 13.385711417385448 0 0.0
10 0.9829210042953491 0.9829210042953491 23.648409551093078 23.648409551093078 1 1.0
10 0.8481777906417847 0.8481777906417847 15.866767012547175 15.866767012547175 0 0.0
10 0.9769014716148376 0.9769014716148376 20.9203371078236 20.9203371078236 0 0.0
10 0.8091810941696167 0.8091810941696167 15.213208044929855 15.213208044929855 0 0.0
10 0.96934574842453 0.96934574842453 20.49807651928092 20.49807651928092 0 0.0
10 0.9496256113052368 0.9496256113052368 21.823252839028505 21.823252839028505 0 0.0
10 0.8933017253875732 0.8933017253875732 16.09874580459627 16.09874580459627 0 0.0
10 0.9621213674545288 0.9621213674545288 20.79616050729433 20.79616050729433 0 0.0
10 0.8265135288238525 0.8265135288238525 15.462149700722282 15.462149700722282 0 0.0
10 0.9757623076438904 0.9757623076438904 20.21423726994766 20.21423726994766 0 0.0
10 0.9790745973587036 0.9790745973587036 20.924160087038445 20.924160087038445 0 0.0
10 0.6681103706359863 0.6681103706359863 13.438621256607073 13.438621256607073 0 0.0
10 0.7338654398918152 0.7338654398918152 12.844042082997419 12.844042082997419 0 0.0
10 0.6592437624931335 0.6592437624931335 13.690212169345592 13.690212169345592 0 0.0
10 0.6594235301017761 0.6594235301017761 13.416033400983014 13.416033400983014 0 0.0
10 0.9822834730148315 0.9822834730148315 23.052369268111747 23.052369268111747 1 1.0
10 0.536894679069519 0.536894679069519 12.428567605583542 12.428567605583542 0 0.0
10 0.8977157473564148 0.8977157473564148 15.136178602969398 15.136178602969398 0 0.0
10 0.6397926807403564 0.6397926807403564 12.80462104061387 12.80462104061387 0 0.0
10 0.6471173763275146 0.6471173763275146 12.706351503792328 12.706351503792328 0 0.0
10 0.7404981255531311 0.7404981255531311 13.252389982240796 13.252389982240796 0 0.0
10 0.7435727715492249 0.7435727715492249 14.92482555028525 14.92482555028525 0 0.0
10 0.9702396988868713 0.9702396988868713 19.876613894040528 19.876613894040528 0 0.0
10 0.9796087145805359 0.9796087145805359 22.379764103069007 22.379764103069007 0 0.0
10 0.7256569266319275 0.7256569266319275 13.80533727499799 13.80533727499799 0 0.0
10 0.9745299220085144 0.9745299220085144 21.447498443314924 21.447498443314924 0 0.0
