N Max_Pearson Avg_Pearson Max_PSNR Avg_PSNR Max_Recovered Avg_Recovered
10 0.8864255547523499 0.8864255547523499 15.864604863168044 15.864604863168044 0 0.0
10 0.6818137168884277 0.6818137168884277 13.050735130436715 13.050735130436715 0 0.0
10 0.9253771901130676 0.9253771901130676 18.875776254209985 18.875776254209985 0 0.0
10 0.7430238127708435 0.7430238127708435 13.7908525589288 13.7908525589288 0 0.0
10 0.9955469965934753 0.9955469965934753 29.381794957091863 29.381794957091863 2 2.0
10 0.8794431686401367 0.8794431686401367 16.396770737111982 16.396770737111982 0 0.0
10 0.9845735430717468 0.9845735430717468 23.230199872693046 23.230199872693046 1 1.0
10 0.8315320014953613 0.8315320014953613 15.662014722894924 15.662014722894924 0 0.0
10 0.9919613003730774 0.9919613003730774 25.47143261033572 25.47143261033572 3 3.0
10 0.9865441918373108 0.9865441918373108 27.293543695298943 27.293543695298943 2 2.0
10 0.8996241092681885 0.8996241092681885 15.858536291733476 15.858536291733476 0 0.0
10 0.9901564121246338 0.9901564121246338 25.531627206461692 25.531627206461692 2 2.0
10 0.8538299202919006 0.8538299202919006 16.090427862490728 16.090427862490728 0 0.0
10 0.9927173852920532 0.9927173852920532 25.626630937786775 25.626630937786775 2 2.0
10 0.9947410225868225 0.9947410225868225 26.045878537601656 26.045878537601656 3 3.0
10 0.8371877670288086 0.8371877670288086 14.93774376740493 14.93774376740493 0 0.0
10 0.748954713344574 0.748954713344574 13.343818583913036 13.343818583913036 0 0.0
10 0.6688457727432251 0.6688457727432251 13.637062875011981 13.637062875011981 0 0.0
10 0.6673073768615723 0.6673073768615723 13.863670641473256 13.863670641473256 0 0.0
10 0.9954188466072083 0.9954188466072083 28.785441134851514 28.785441134851514 3 3.0
10 0.5523795485496521 0.5523795485496521 11.496610800710291 11.496610800710291 0 0.0
10 0.9131988286972046 0.9131988286972046 15.828721842660137 15.828721842660137 0 0.0
10 0.6607367992401123 0.6607367992401123 12.669479709388455 12.669479709388455 0 0.0
10 0.6831467151641846 0.6831467151641846 12.928535339494388 12.928535339494388 0 0.0
10 0.7590415477752686 0.7590415477752686 13.749308914760155 13.749308914760155 0 0.0
10 0.7618372440338135 0.7618372440338135 16.258918612678944 16.258918612678944 0 0.0
10 0.9920847415924072 0.9920847415924072 24.114453018935183 24.114453018935183 2 2.0
10 0.9946918487548828 0.9946918487548828 28.56424073946592 28.56424073946592 4 4.0
10 0.7732671499252319 0.7732671499252319 14.435056847311806 14.435056847311806 0 0.0
10 0.9935006499290466 0.9935006499290466 27.06256962187219 27.06256962187219 2 2.0
