N Max_Pearson Avg_Pearson Max_PSNR Avg_PSNR
5 0.683142900466919 0.683142900466919 11.852398340585196 11.852398340585196
5 0.5091643929481506 0.5091643929481506 13.669122984329377 13.669122984329377
5 0.9360971450805664 0.9360971450805664 18.91937223649703 18.91937223649703
5 0.911393404006958 0.911393404006958 16.232179358436976 16.232179358436976
5 0.4698241949081421 0.4698241949081421 9.986839492133413 9.986839492133413
5 0.5798575282096863 0.5798575282096863 10.369381041594197 10.369381041594197
5 0.5719680190086365 0.5719680190086365 10.508848811309832 10.508848811309832
5 0.9258477687835693 0.9258477687835693 18.713379990650946 18.713379990650946
5 0.4406881332397461 0.4406881332397461 9.807422391111766 9.807422391111766
5 0.48308902978897095 0.48308902978897095 13.5376679670774 13.537667967077402
5 0.7990409135818481 0.7990409135818481 17.662802193992253 17.662802193992253
5 0.24598965048789978 0.24598965048789978 9.56193865838917 9.56193865838917
5 0.9459037184715271 0.9459037184715271 18.49009635680256 18.49009635680256
5 0.7607598304748535 0.7607598304748535 15.443438517973334 15.443438517973334
5 0.9449395537376404 0.9449395537376404 19.059835073789813 19.059835073789813
5 0.5165911316871643 0.5165911316871643 13.1256344373538 13.125634437353801
5 0.5454743504524231 0.5454743504524231 12.84323944552941 12.843239445529411
5 0.9208504557609558 0.9208504557609558 19.853853337381196 19.853853337381196
5 0.9338241219520569 0.9338241219520569 20.52432603631207 20.52432603631207
5 0.9080639481544495 0.9080639481544495 17.253175847742238 17.253175847742238
5 0.9111098647117615 0.9111098647117615 19.409436796494344 19.409436796494344
5 0.3680414855480194 0.3680414855480194 12.918884102689479 12.91888410268948
5 0.5968155860900879 0.5968155860900879 10.544126294737561 10.544126294737561
5 0.339221715927124 0.339221715927124 12.933537051120538 12.933537051120538
5 0.5686595439910889 0.5686595439910889 11.327510756048971 11.327510756048971
5 0.4870065748691559 0.4870065748691559 10.069210167112743 10.069210167112743
5 0.31481167674064636 0.31481167674064636 12.635849130767165 12.635849130767165
5 0.4545038342475891 0.4545038342475891 13.991357652015356 13.991357652015358
5 0.6246035695075989 0.6246035695075989 10.756811936317865 10.756811936317865
5 0.5518972873687744 0.5518972873687744 11.294745043927474 11.294745043927472
