N Max_Pearson Avg_Pearson Max_PSNR Avg_PSNR Max_Recovered Avg_Recovered
10 0.8112224340438843 0.8112224340438843 14.00614709142288 14.00614709142288 0 0.0
10 0.5160410404205322 0.5160410404205322 12.320531113980671 12.320531113980671 0 0.0
10 0.8771979212760925 0.8771979212760925 16.099293571438015 16.099293571438015 0 0.0
10 0.6264393329620361 0.6264393329620361 12.369771281078389 12.369771281078389 0 0.0
10 0.9390141367912292 0.9390141367912292 18.173095524457185 18.173095524457185 0 0.0
10 0.807388186454773 0.807388186454773 14.643298597176068 14.643298597176068 0 0.0
10 0.9336328506469727 0.9336328506469727 16.50385287243512 16.50385287243512 0 0.0
10 0.7290526032447815 0.7290526032447815 13.921334480089078 13.921334480089078 0 0.0
10 0.8943129181861877 0.8943129181861877 16.242784237382452 16.242784237382452 0 0.0
10 0.836930513381958 0.836930513381958 16.801027187235217 16.801027187235217 0 0.0
