N Max_Pearson Avg_Pearson Max_PSNR Avg_PSNR
20 0.6387010812759399 0.6387010812759399 12.366729625075132 12.366729625075132
20 0.47167864441871643 0.47167864441871643 12.756747894615758 12.756747894615758
20 0.8492507934570312 0.8492507934570312 14.552038400747737 14.552038400747739
20 0.9043782353401184 0.9043782353401184 15.604554625821068 15.604554625821068
20 0.44037026166915894 0.44037026166915894 10.628592083194 10.628592083194
20 0.6804737448692322 0.6804737448692322 11.731660255818122 11.731660255818122
20 0.6568965911865234 0.6568965911865234 11.479149904462954 11.479149904462952
20 0.8136368989944458 0.8136368989944458 15.209168470767342 15.209168470767343
20 0.476159006357193 0.476159006357193 10.512446817403472 10.512446817403472
20 0.5433825850486755 0.5433825850486755 13.810305404786742 13.81030540478674
20 0.37896671891212463 0.37896671891212463 13.264947723501395 13.264947723501395
20 0.598534882068634 0.598534882068634 11.079285387330879 11.079285387330879
20 0.8443836569786072 0.8443836569786072 14.942195712573554 14.942195712573556
20 0.1456490159034729 0.1456490159034729 12.155784556755357 12.155784556755357
20 0.8697894811630249 0.8697894811630249 15.027646992066362 15.02764699206636
20 0.5184723734855652 0.5184723734855652 13.83245469924483 13.83245469924483
20 0.5617296695709229 0.5617296695709229 13.83546832208938 13.835468322089378
20 0.7434865236282349 0.7434865236282349 15.538947739604247 15.538947739604247
20 0.8269132375717163 0.8269132375717163 15.95064149618991 15.95064149618991
20 0.5309330224990845 0.5309330224990845 13.413249028618985 13.413249028618985
20 0.48562926054000854 0.48562926054000854 12.752774250829829 12.752774250829829
20 0.24971498548984528 0.24971498548984528 10.562332679146964 10.562332679146964
20 0.6269289255142212 0.6269289255142212 12.423513736893188 12.42351373689319
20 0.7702503800392151 0.7702503800392151 15.088302805940074 15.088302805940074
20 0.28464242815971375 0.28464242815971375 11.670702864473562 11.670702864473562
20 0.5554498434066772 0.5554498434066772 13.77885089086143 13.77885089086143
20 0.5799615979194641 0.5799615979194641 12.858237198608077 12.858237198608075
20 0.6447102427482605 0.6447102427482605 13.030782342296872 13.030782342296872
20 0.5190945863723755 0.5190945863723755 12.926546583349863 12.926546583349863
20 0.3915971517562866 0.3915971517562866 12.661041098758378 12.66104109875838