N Max_Pearson Avg_Pearson Max_PSNR Avg_PSNR
10 0.6688750386238098 0.6688750386238098 12.3783460807269 12.3783460807269
10 0.47377052903175354 0.47377052903175354 12.991060173053457 12.991060173053457
10 0.8605095744132996 0.8605095744132996 14.746733116772235 14.746733116772235
10 0.8931571841239929 0.8931571841239929 16.4942899408145 16.4942899408145
10 0.38141560554504395 0.38141560554504395 10.18765541669893 10.18765541669893
10 0.6543645858764648 0.6543645858764648 10.9920037816153 10.992003781615301
10 0.5036370754241943 0.5036370754241943 10.362163703080196 10.362163703080196
10 0.7972573637962341 0.7972573637962341 15.385763611118195 15.385763611118195
10 0.5788174271583557 0.5788174271583557 10.460673379322147 10.460673379322147
10 0.5156758427619934 0.5156758427619934 13.676160091190956 13.676160091190956
