N Max_Pearson Avg_Pearson Max_PSNR Avg_PSNR Max_Recovered Avg_Recovered
10 0.8580138087272644 0.8580138087272644 15.044283952689488 15.044283952689488 0 0.0
10 0.5723373889923096 0.5723373889923096 12.536133623917427 12.536133623917427 0 0.0
10 0.909614086151123 0.909614086151123 17.893719384419708 17.893719384419708 0 0.0
10 0.6865898370742798 0.6865898370742798 13.322368198103451 13.322368198103451 0 0.0
10 0.9739729762077332 0.9739729762077332 21.849881045332854 21.849881045332854 0 0.0
10 0.8388336896896362 0.8388336896896362 15.521670627154707 15.521670627154707 0 0.0
10 0.9710433483123779 0.9710433483123779 19.71228934482558 19.71228934482558 0 0.0
10 0.7923063039779663 0.7923063039779663 14.912063657632178 14.912063657632178 0 0.0
10 0.953580915927887 0.953580915927887 19.034155354178186 19.034155354178186 0 0.0
10 0.9247445464134216 0.9247445464134216 20.14620106865172 20.14620106865172 0 0.0
10 0.8874527812004089 0.8874527812004089 16.07081943636934 16.07081943636934 0 0.0
10 0.9424991607666016 0.9424991607666016 19.43312532426718 19.43312532426718 0 0.0
10 0.8089115619659424 0.8089115619659424 15.069333386665944 15.069333386665944 0 0.0
10 0.9631578326225281 0.9631578326225281 18.856586231749922 18.856586231749922 0 0.0
10 0.9675779342651367 0.9675779342651367 19.401219178096724 19.401219178096724 0 0.0
10 0.6490877866744995 0.6490877866744995 13.27429567123617 13.27429567123617 0 0.0
10 0.7233799695968628 0.7233799695968628 12.616527216237813 12.616527216237813 0 0.0
10 0.6522607207298279 0.6522607207298279 13.703534544767974 13.703534544767974 0 0.0
10 0.6484497785568237 0.6484497785568237 13.148148986570177 13.148148986570177 0 0.0
10 0.972778856754303 0.972778856754303 21.202123727600366 21.202123727600366 0 0.0
10 0.5508827567100525 0.5508827567100525 12.485194727418996 12.485194727418996 0 0.0
10 0.8862953186035156 0.8862953186035156 14.696455762408746 14.696455762408746 0 0.0
10 0.6273303031921387 0.6273303031921387 12.783318956350758 12.783318956350758 0 0.0
10 0.6295644640922546 0.6295644640922546 12.595407361209821 12.595407361209821 0 0.0
10 0.7261990308761597 0.7261990308761597 13.09952456170903 13.09952456170903 0 0.0
10 0.7289575934410095 0.7289575934410095 14.713681150390283 14.713681150390283 0 0.0
10 0.9549858570098877 0.9549858570098877 18.750235075636557 18.750235075636557 0 0.0
10 0.9689208269119263 0.9689208269119263 20.33550311955246 20.33550311955246 0 0.0
10 0.7094225883483887 0.7094225883483887 13.506920436107315 13.506920436107315 0 0.0
10 0.9608733654022217 0.9608733654022217 19.029892072050995 19.029892072050995 0 0.0
