N Max_Pearson Avg_Pearson Max_PSNR Avg_PSNR Max_Recovered Avg_Recovered
15 0.8785494565963745 0.8785494565963745 19.681173037010634 19.681173037010634 0 0.0
15 0.7554776668548584 0.7554776668548584 13.878210242558815 13.878210242558815 0 0.0
15 0.9999992251396179 0.9999992251396179 69.0452949447283 69.0452949447283 13 13.0
15 0.7473564147949219 0.7473564147949219 14.978025626941545 14.978025626941545 0 0.0
15 0.9999997615814209 0.9999997615814209 70.10539097799796 70.10539097799796 13 13.0
15 0.9999995231628418 0.9999995231628418 67.99093172010363 67.99093172010363 12 12.0
15 0.9999996423721313 0.9999996423721313 66.78704037969263 66.78704037969263 12 12.0
15 0.8382200598716736 0.8382200598716736 15.79169272084965 15.79169272084965 0 0.0
15 0.999999463558197 0.999999463558197 68.66849639780965 68.66849639780965 11 11.0
15 0.9999989867210388 0.9999989867210388 65.46193672701497 65.46193672701497 9 9.0
