N Max_Pearson Avg_Pearson Max_PSNR Avg_PSNR Max_Recovered Avg_Recovered
10 0.8873806595802307 0.8873806595802307 19.717006889342066 19.717006889342066 0 0.0
10 0.7577245831489563 0.7577245831489563 13.980730161919833 13.980730161919833 0 0.0
10 0.9999994039535522 0.9999994039535522 70.23563228794718 70.23563228794718 9 9.0
10 0.7360873818397522 0.7360873818397522 14.112642407759246 14.112642407759246 0 0.0
10 0.9999999403953552 0.9999999403953552 73.94983337178843 73.94983337178843 9 9.0
10 0.9999998807907104 0.9999998807907104 72.50930666647406 72.50930666647406 10 10.0
10 0.9999998807907104 0.9999998807907104 70.00922533543468 70.00922533543468 8 8.0
10 0.8567083477973938 0.8567083477973938 16.218850637263326 16.218850637263326 0 0.0
10 0.9999997615814209 0.9999997615814209 72.23337912664991 72.23337912664991 8 8.0
10 0.9999995827674866 0.9999995827674866 68.57383774343627 68.57383774343627 7 7.0
