N Max_Pearson Avg_Pearson Max_PSNR Avg_PSNR Max_Recovered Avg_Recovered
10 0.843940019607544 0.843940019607544 14.726565869802135 14.726565869802135 0 0.0
10 0.5542954802513123 0.5542954802513123 12.394454160776858 12.394454160776858 0 0.0
10 0.9004401564598083 0.9004401564598083 17.354580105605756 17.354580105605756 0 0.0
10 0.6678292751312256 0.6678292751312256 13.022358774214446 13.022358774214446 0 0.0
10 0.9635343551635742 0.9635343551635742 20.40362549648109 20.40362549648109 0 0.0
10 0.8278693556785583 0.8278693556785583 15.119919781827155 15.119919781827155 0 0.0
10 0.9599567651748657 0.9599567651748657 18.419323626359297 18.419323626359297 0 0.0
10 0.7727930545806885 0.7727930545806885 14.587714730501805 14.587714730501805 0 0.0
10 0.9354935884475708 0.9354935884475708 17.901883403200884 17.901883403200884 0 0.0
10 0.8970200419425964 0.8970200419425964 18.815594817671904 18.815594817671904 0 0.0
