N Max_Pearson Avg_Pearson Max_PSNR Avg_PSNR Max_Recovered Avg_Recovered
5 0.8787359595298767 0.8787359595298767 19.373110454429668 19.373110454429668 0 0.0
5 0.46664944291114807 0.46664944291114807 11.55256838164897 11.55256838164897 0 0.0
5 0.9999999403953552 0.9999999403953552 81.24498652332214 81.24498652332214 5 5.0
5 0.7461100816726685 0.7461100816726685 14.178874325415297 14.178874325415297 0 0.0
5 1.0 1.0 79.88080268198294 79.88080268198294 5 5.0
5 1.0 1.0 78.44234188681914 78.44234188681914 5 5.0
5 1.0 1.0 75.56655353984823 75.56655353984823 4 4.0
5 0.8386226892471313 0.8386226892471313 15.855373585285886 15.855373585285886 0 0.0
5 1.0 1.0 77.17513177884152 77.17513177884152 4 4.0
5 0.9999998211860657 0.9999998211860657 75.1852471248868 75.1852471248868 3 3.0
