N Max_Pearson Avg_Pearson Max_PSNR Avg_PSNR
15 0.3544977903366089 0.3544977903366089 11.746107867922683 11.746107867922683
15 0.4799087643623352 0.4799087643623352 12.899038458566245 12.899038458566245
15 0.8270386457443237 0.8270386457443237 14.07545240775404 14.07545240775404
15 0.8601865768432617 0.8601865768432617 15.187855971412494 15.187855971412494
15 0.35714659094810486 0.35714659094810486 10.331860018568388 10.331860018568388
15 0.6623258590698242 0.6623258590698242 11.09355462050251 11.09355462050251
15 0.6084452271461487 0.6084452271461487 10.806035770041102 10.8060357700411
15 0.796277642250061 0.796277642250061 15.318060732233398 15.318060732233398
15 0.5407429933547974 0.5407429933547974 10.44429824850434 10.44429824850434
15 0.5263792872428894 0.5263792872428894 13.946336949120312 13.946336949120314
