N Max_Pearson Avg_Pearson Max_PSNR Avg_PSNR Max_Recovered Avg_Recovered
10 0.8873806595802307 0.8873806595802307 19.717006889342066 19.717006889342066 0 0.0
10 0.7577245831489563 0.7577245831489563 13.980730161919833 13.980730161919833 0 0.0
10 0.9999994039535522 0.9999994039535522 70.23563228794718 70.23563228794718 9 9.0
10 0.7360873818397522 0.7360873818397522 14.112642407759246 14.112642407759246 0 0.0
10 0.9999999403953552 0.9999999403953552 73.94983337178843 73.94983337178843 9 9.0
10 0.9999998807907104 0.9999998807907104 72.50930666647406 72.50930666647406 10 10.0
10 0.9999998807907104 0.9999998807907104 70.00922533543468 70.00922533543468 8 8.0
10 0.8567083477973938 0.8567083477973938 16.218850637263326 16.218850637263326 0 0.0
10 0.9999997615814209 0.9999997615814209 72.23337912664991 72.23337912664991 8 8.0
10 0.9999995827674866 0.9999995827674866 68.57383774343627 68.57383774343627 7 7.0
10 0.9999998211860657 0.9999998211860657 69.1734390412837 69.1734390412837 9 9.0
10 0.9999997019767761 0.9999997019767761 70.21582760354396 70.21582760354396 8 8.0
10 0.9147089123725891 0.9147089123725891 18.409968846330166 18.409968846330166 0 0.0
10 0.9999997615814209 0.9999997615814209 69.51306636165577 69.51306636165577 8 8.0
10 0.9999998807907104 0.9999998807907104 72.97157074198105 72.97157074198105 9 9.0
10 0.7334693074226379 0.7334693074226379 13.85971893555791 13.85971893555791 0 0.0
10 0.7679625153541565 0.7679625153541565 13.829301054068425 13.829301054068425 0 0.0
10 0.7153882384300232 0.7153882384300232 15.53877997317028 15.53877997317028 0 0.0
10 0.6651375889778137 0.6651375889778137 14.071944055954454 14.071944055954454 0 0.0
10 1.0 1.0 74.36160637274014 74.36160637274014 10 10.0
10 0.6289620995521545 0.6289620995521545 13.756106253246346 13.756106253246346 0 0.0
10 0.9999998211860657 0.9999998211860657 71.91682335247346 71.91682335247346 8 8.0
10 0.6751128435134888 0.6751128435134888 12.508969927919711 12.508969927919711 0 0.0
10 0.722158670425415 0.722158670425415 13.07433907321213 13.07433907321213 0 0.0
10 0.7852663993835449 0.7852663993835449 13.865895026957293 13.865895026957293 0 0.0
10 0.776154637336731 0.776154637336731 17.347460071268504 17.347460071268504 0 0.0
10 0.9999997615814209 0.9999997615814209 69.85751006416804 69.85751006416804 8 8.0
10 0.9999998807907104 0.9999998807907104 72.17220382548993 72.17220382548993 8 8.0
10 0.819040060043335 0.819040060043335 13.903544759896826 13.903544759896826 0 0.0
10 0.9999998807907104 0.9999998807907104 71.34898240943022 71.34898240943022 9 9.0
