N Max_Pearson Avg_Pearson Max_PSNR Avg_PSNR Max_Recovered Avg_Recovered
10 0.843940019607544 0.843940019607544 14.726565869802135 14.726565869802135 0 0.0
10 0.5542954802513123 0.5542954802513123 12.394454160776858 12.394454160776858 0 0.0
10 0.9004401564598083 0.9004401564598083 17.354580105605756 17.354580105605756 0 0.0
10 0.6678292751312256 0.6678292751312256 13.022358774214446 13.022358774214446 0 0.0
10 0.9635343551635742 0.9635343551635742 20.40362549648109 20.40362549648109 0 0.0
10 0.8278693556785583 0.8278693556785583 15.119919781827155 15.119919781827155 0 0.0
10 0.9599567651748657 0.9599567651748657 18.419323626359297 18.419323626359297 0 0.0
10 0.7727930545806885 0.7727930545806885 14.587714730501805 14.587714730501805 0 0.0
10 0.9354935884475708 0.9354935884475708 17.901883403200884 17.901883403200884 0 0.0
10 0.8970200419425964 0.8970200419425964 18.815594817671904 18.815594817671904 0 0.0
10 0.8800219893455505 0.8800219893455505 15.977798406551774 15.977798406551774 0 0.0
10 0.9199972748756409 0.9199972748756409 18.388418443334366 18.388418443334366 0 0.0
10 0.789347231388092 0.789347231388092 14.65796862168503 14.65796862168503 0 0.0
10 0.9483402967453003 0.9483402967453003 17.67740464217958 17.67740464217958 0 0.0
10 0.9538740515708923 0.9538740515708923 18.213577591979867 18.213577591979867 0 0.0
10 0.6255061030387878 0.6255061030387878 13.193148437816625 13.193148437816625 0 0.0
10 0.7113552093505859 0.7113552093505859 12.550695776072816 12.550695776072816 0 0.0
10 0.6440457105636597 0.6440457105636597 13.700282638506685 13.700282638506685 0 0.0
10 0.6344131827354431 0.6344131827354431 12.927759425192033 12.927759425192033 0 0.0
10 0.9614531993865967 0.9614531993865967 19.673922079490396 19.673922079490396 0 0.0
10 0.5493001341819763 0.5493001341819763 12.499430356224757 12.499430356224757 0 0.0
10 0.8728265166282654 0.8728265166282654 14.405225576393514 14.405225576393514 0 0.0
10 0.6197738647460938 0.6197738647460938 12.737829827946749 12.737829827946749 0 0.0
10 0.6098858118057251 0.6098858118057251 12.515363805133529 12.515363805133529 0 0.0
10 0.7095014452934265 0.7095014452934265 12.921608639345637 12.921608639345637 0 0.0
10 0.7118001580238342 0.7118001580238342 14.612801936336473 14.612801936336473 0 0.0
10 0.9374709725379944 0.9374709725379944 17.9974840343916 17.9974840343916 0 0.0
10 0.9564187526702881 0.9564187526702881 19.09735492416683 19.09735492416683 0 0.0
10 0.6923389434814453 0.6923389434814453 13.358424352305274 13.358424352305274 0 0.0
10 0.9448357820510864 0.9448357820510864 17.96485062534674 17.96485062534674 0 0.0
