N Max_Pearson Avg_Pearson Max_PSNR Avg_PSNR Max_Recovered Avg_Recovered
10 0.8700928092002869 0.8700928092002869 15.326614700936423 15.326614700936423 0 0.0
10 0.5968804359436035 0.5968804359436035 12.47144616176693 12.47144616176693 0 0.0
10 0.9169146418571472 0.9169146418571472 18.341371540466817 18.341371540466817 0 0.0
10 0.6940326690673828 0.6940326690673828 13.385711417385448 13.385711417385448 0 0.0
10 0.9829210042953491 0.9829210042953491 23.648409551093078 23.648409551093078 1 1.0
10 0.8481777906417847 0.8481777906417847 15.866767012547175 15.866767012547175 0 0.0
10 0.9769014716148376 0.9769014716148376 20.9203371078236 20.9203371078236 0 0.0
10 0.8091810941696167 0.8091810941696167 15.213208044929855 15.213208044929855 0 0.0
10 0.96934574842453 0.96934574842453 20.49807651928092 20.49807651928092 0 0.0
10 0.9496256113052368 0.9496256113052368 21.823252839028505 21.823252839028505 0 0.0
