N Max_Pearson Avg_Pearson Max_PSNR Avg_PSNR Max_Recovered Avg_Recovered
20 0.8785249590873718 0.8785249590873718 19.577989596050532 19.577989596050532 0 0.0
20 0.7952600717544556 0.7952600717544556 14.043011812577467 14.043011812577467 0 0.0
20 0.9999989867210388 0.9999989867210388 68.06357748376855 68.06357748376855 12 12.0
20 0.8113934397697449 0.8113934397697449 14.518768966500733 14.518768966500733 0 0.0
20 0.999999463558197 0.999999463558197 67.22925133354396 67.22925133354396 15 15.0
20 0.9999991059303284 0.9999991059303284 65.1145783119176 65.1145783119176 14 14.0
20 0.9999993443489075 0.9999993443489075 64.1711298342127 64.1711298342127 15 15.0
20 0.83821702003479 0.83821702003479 15.792031307906003 15.792031307906003 0 0.0
20 0.999998927116394 0.999998927116394 65.91421100192267 65.91421100192267 16 16.0
20 0.9999982714653015 0.9999982714653015 63.435534988631716 63.435534988631716 10 10.0