N Max_Pearson Avg_Pearson Max_PSNR Avg_PSNR Max_Recovered Avg_Recovered
20 0.8785249590873718 0.8785249590873718 19.577989596050532 19.577989596050532 0 0.0
20 0.7952600717544556 0.7952600717544556 14.043011812577467 14.043011812577467 0 0.0
20 0.9999989867210388 0.9999989867210388 68.06357748376855 68.06357748376855 12 12.0
20 0.8113934397697449 0.8113934397697449 14.518768966500733 14.518768966500733 0 0.0
20 0.999999463558197 0.999999463558197 67.22925133354396 67.22925133354396 15 15.0
20 0.9999991059303284 0.9999991059303284 65.1145783119176 65.1145783119176 14 14.0
20 0.9999993443489075 0.9999993443489075 64.1711298342127 64.1711298342127 15 15.0
20 0.83821702003479 0.83821702003479 15.792031307906003 15.792031307906003 0 0.0
20 0.999998927116394 0.999998927116394 65.91421100192267 65.91421100192267 16 16.0
20 0.9999982714653015 0.9999982714653015 63.435534988631716 63.435534988631716 10 10.0
20 0.9999987483024597 0.9999987483024597 62.45014473830483 62.45014473830483 16 16.0
20 0.9999988675117493 0.9999988675117493 63.900279256386966 63.900279256386966 15 15.0
20 0.9142253994941711 0.9142253994941711 18.1930533878953 18.1930533878953 0 0.0
20 0.9999988079071045 0.9999988079071045 63.19230572480202 63.19230572480202 14 14.0
20 0.9999995231628418 0.9999995231628418 68.46293654859704 68.46293654859704 18 18.0
20 0.7350937724113464 0.7350937724113464 14.955090990838018 14.955090990838018 0 0.0
20 0.866179883480072 0.866179883480072 16.89598826602275 16.89598826602275 0 0.0
20 0.8228287100791931 0.8228287100791931 15.614131187223862 15.614131187223862 0 0.0
20 0.7940999269485474 0.7940999269485474 15.63687335985453 15.63687335985453 0 0.0
20 0.999999463558197 0.999999463558197 67.64094239102457 67.64094239102457 17 17.0
20 0.7211337089538574 0.7211337089538574 15.339768911022592 15.339768911022592 0 0.0
20 0.9999992251396179 0.9999992251396179 65.59697822956436 65.59697822956436 18 18.0
20 0.8632991313934326 0.8632991313934326 16.663959109573796 16.663959109573796 0 0.0
20 0.7660332322120667 0.7660332322120667 16.849850737030216 16.849850737030216 0 0.0
20 0.8117122054100037 0.8117122054100037 14.578918323584443 14.578918323584443 0 0.0
20 0.8304732441902161 0.8304732441902161 18.596476860089343 18.596476860089343 0 0.0
20 0.9999990463256836 0.9999990463256836 64.0144636248522 64.0144636248522 16 16.0
20 0.9999994039535522 0.9999994039535522 65.68367219145946 65.68367219145946 16 16.0
20 0.8153306841850281 0.8153306841850281 13.944001446188057 13.944001446188057 0 0.0
20 0.9999991059303284 0.9999991059303284 64.63420232782185 64.63420232782185 16 16.0
