N Max_Pearson Avg_Pearson Max_PSNR Avg_PSNR
20 0.5619520545005798 0.5619520545005798 12.092384274325969 12.09238427432597
20 0.4733794033527374 0.4733794033527374 13.010277009478244 13.010277009478244
20 0.8371257185935974 0.8371257185935974 13.74789102781763 13.74789102781763
20 0.8829861283302307 0.8829861283302307 15.233816770125571 15.233816770125571
20 0.19225051999092102 0.19225051999092102 10.19344553663852 10.19344553663852
20 0.2498585432767868 0.2498585432767868 10.498340199374226 10.498340199374226
20 0.7017106413841248 0.7017106413841248 11.599946716742618 11.599946716742616
20 0.8155264854431152 0.8155264854431152 15.4406555649418 15.4406555649418
20 0.5909715890884399 0.5909715890884399 11.219679097709124 11.219679097709124
20 0.603148341178894 0.603148341178894 14.19267323577885 14.19267323577885
