N Max_Pearson Avg_Pearson Max_PSNR Avg_PSNR
10 0.6705407500267029 0.6705407500267029 12.508608131383491 12.508608131383491
10 0.4496305584907532 0.4496305584907532 12.798824879329773 12.798824879329773
10 0.8481413722038269 0.8481413722038269 13.982400732000212 13.98240073200021
10 0.8928419947624207 0.8928419947624207 15.968249500188902 15.968249500188902
10 0.44710665941238403 0.44710665941238403 10.244309342702579 10.244309342702579
10 0.6485410332679749 0.6485410332679749 10.999328218760793 10.999328218760793
10 0.5452132225036621 0.5452132225036621 10.644113064783651 10.644113064783651
10 0.8014932870864868 0.8014932870864868 15.708838653676839 15.70883865367684
10 0.6391804814338684 0.6391804814338684 11.076147226514937 11.076147226514939
10 0.5074004530906677 0.5074004530906677 13.485101936139506 13.485101936139506
10 0.5290517210960388 0.5290517210960388 13.359169844194493 13.359169844194492
10 0.6470342874526978 0.6470342874526978 11.115624833067294 11.115624833067294
10 0.784315288066864 0.784315288066864 11.944556550387698 11.944556550387697
10 0.29619473218917847 0.29619473218917847 12.330326367904812 12.330326367904812
10 0.9011951684951782 0.9011951684951782 16.326623655768365 16.326623655768365
10 0.5565990209579468 0.5565990209579468 13.589627127685215 13.589627127685214
10 0.5385211110115051 0.5385211110115051 13.361890895924597 13.361890895924597
10 0.8148466348648071 0.8148466348648071 15.489038590327128 15.489038590327128
10 0.8105863332748413 0.8105863332748413 15.51360617072165 15.51360617072165
10 0.8784301280975342 0.8784301280975342 14.478841113777856 14.478841113777856
10 0.7971486449241638 0.7971486449241638 15.902062565982792 15.902062565982794
10 0.5585368871688843 0.5585368871688843 13.109155472661511 13.109155472661511
10 0.5822286009788513 0.5822286009788513 10.566017407456506 10.566017407456506
10 0.3686773478984833 0.3686773478984833 12.458099627071647 12.458099627071647
10 0.4894949495792389 0.4894949495792389 12.494131619853707 12.49413161985371
10 0.6433143019676208 0.6433143019676208 11.151991234090811 11.15199123409081
10 0.6494244337081909 0.6494244337081909 12.061437760214002 12.061437760214
10 0.8357866406440735 0.8357866406440735 15.22163191704609 15.22163191704609
10 0.6304236650466919 0.6304236650466919 11.796170237858199 11.796170237858199
10 0.4769360423088074 0.4769360423088074 13.002787330481924 13.002787330481924
