N Max_Pearson Avg_Pearson Max_PSNR Avg_PSNR
5 0.6507970690727234 0.6507970690727234 11.548249050793943 11.548249050793943
5 0.5059744119644165 0.5059744119644165 13.4891696022903 13.489169602290298
5 0.9320751428604126 0.9320751428604126 15.988716151950266 15.988716151950266
5 0.949167013168335 0.949167013168335 19.25392559629244 19.25392559629244
5 0.43277478218078613 0.43277478218078613 10.061520899949324 10.061520899949324
5 0.38306304812431335 0.38306304812431335 9.53860707132318 9.53860707132318
5 0.6128237247467041 0.6128237247467041 10.6140097075753 10.6140097075753
5 0.9281674027442932 0.9281674027442932 20.181971441287207 20.181971441287207
5 0.5266621112823486 0.5266621112823486 10.215265607118676 10.215265607118676
5 0.482799232006073 0.482799232006073 13.633826187885445 13.633826187885445
