N Max_Pearson Avg_Pearson Max_PSNR Avg_PSNR
15 0.5573715567588806 0.5573715567588806 13.142654357744007 13.142654357744007
15 0.43743839859962463 0.43743839859962463 12.54794382565909 12.54794382565909
15 0.617925763130188 0.617925763130188 10.776392868156464 10.776392868156464
15 0.6540918946266174 0.6540918946266174 12.289743458292557 12.289743458292557
15 0.8006483912467957 0.8006483912467957 15.483879539970493 15.483879539970493
15 0.7812941670417786 0.7812941670417786 13.06851387136051 13.06851387136051
15 0.5668337941169739 0.5668337941169739 13.517014358986588 13.517014358986588
15 0.5678189992904663 0.5678189992904663 12.571197417328385 12.571197417328385
15 0.5899295210838318 0.5899295210838318 12.479764725515455 12.479764725515457
