N Max_Pearson Avg_Pearson Max_PSNR Avg_PSNR Max_Recovered Avg_Recovered
10 0.8797590136528015 0.8797590136528015 15.634899457329412 15.634899457329412 0 0.0
10 0.6286479830741882 0.6286479830741882 12.490061665289407 12.490061665289407 0 0.0
10 0.9221948385238647 0.9221948385238647 18.673909009014782 18.673909009014782 0 0.0
10 0.7085569500923157 0.7085569500923157 13.634469501891848 13.634469501891848 0 0.0
10 0.9901755452156067 0.9901755452156067 26.005025369762194 26.005025369762194 1 1.0
10 0.8628421425819397 0.8628421425819397 16.159766262300316 16.159766262300316 0 0.0
10 0.9795506596565247 0.9795506596565247 21.801283347629305 21.801283347629305 0 0.0
10 0.8225396275520325 0.8225396275520325 15.47160374341318 15.47160374341318 0 0.0
10 0.9822932481765747 0.9822932481765747 22.495099315111332 22.495099315111332 2 2.0
10 0.9705803990364075 0.9705803990364075 24.05180928449987 24.05180928449987 0 0.0
10 0.8974235653877258 0.8974235653877258 16.03745865093201 16.03745865093201 0 0.0
10 0.9782037138938904 0.9782037138938904 22.677692725254524 22.677692725254524 0 0.0
10 0.8416465520858765 0.8416465520858765 15.813053284424775 15.813053284424775 0 0.0
10 0.9856275916099548 0.9856275916099548 22.287765014946245 22.287765014946245 1 1.0
10 0.9881754517555237 0.9881754517555237 22.986053032116203 22.986053032116203 1 1.0
10 0.7372812628746033 0.7372812628746033 13.461340091737235 13.461340091737235 0 0.0
10 0.7424914836883545 0.7424914836883545 13.037476864945095 13.037476864945095 0 0.0
10 0.6648234724998474 0.6648234724998474 13.67521671359917 13.67521671359917 0 0.0
10 0.6661133766174316 0.6661133766174316 13.634711606763375 13.634711606763375 0 0.0
10 0.9898602962493896 0.9898602962493896 25.42260904520239 25.42260904520239 1 1.0
10 0.5402430295944214 0.5402430295944214 11.752834384362762 11.752834384362762 0 0.0
10 0.9067850112915039 0.9067850112915039 15.50304484873225 15.50304484873225 0 0.0
10 0.6509671807289124 0.6509671807289124 12.77372846068342 12.77372846068342 0 0.0
10 0.6614730358123779 0.6614730358123779 12.808408237922798 12.808408237922798 0 0.0
10 0.7518408894538879 0.7518408894538879 13.456825587776898 13.456825587776898 0 0.0
10 0.754803478717804 0.754803478717804 15.609697905870835 15.609697905870835 0 0.0
10 0.9827544689178467 0.9827544689178467 21.32935998947472 21.32935998947472 1 1.0
10 0.9882596731185913 0.9882596731185913 24.971527616011763 24.971527616011763 1 1.0
10 0.7489986419677734 0.7489986419677734 14.135135931045093 14.135135931045093 0 0.0
10 0.985491931438446 0.985491931438446 23.747426098817005 23.747426098817005 1 1.0
