N Max_Pearson Avg_Pearson Max_PSNR Avg_PSNR Max_Recovered Avg_Recovered
15 0.8785494565963745 0.8785494565963745 19.681173037010634 19.681173037010634 0 0.0
15 0.7554776668548584 0.7554776668548584 13.878210242558815 13.878210242558815 0 0.0
15 0.9999992251396179 0.9999992251396179 69.0452949447283 69.0452949447283 13 13.0
15 0.7473564147949219 0.7473564147949219 14.978025626941545 14.978025626941545 0 0.0
15 0.9999997615814209 0.9999997615814209 70.10539097799796 70.10539097799796 13 13.0
15 0.9999995231628418 0.9999995231628418 67.99093172010363 67.99093172010363 12 12.0
15 0.9999996423721313 0.9999996423721313 66.78704037969263 66.78704037969263 12 12.0
15 0.8382200598716736 0.8382200598716736 15.79169272084965 15.79169272084965 0 0.0
15 0.999999463558197 0.999999463558197 68.66849639780965 68.66849639780965 11 11.0
15 0.9999989867210388 0.9999989867210388 65.46193672701497 65.46193672701497 9 9.0
15 0.9999992847442627 0.9999992847442627 65.32669585918683 65.32669585918683 13 13.0
15 0.999999463558197 0.999999463558197 66.65199338276545 66.65199338276545 10 10.0
15 0.9147033095359802 0.9147033095359802 18.42308951251396 18.42308951251396 0 0.0
15 0.999999463558197 0.999999463558197 65.94794534879127 65.94794534879127 12 12.0
15 0.9999995827674866 0.9999995827674866 70.72192349924934 70.72192349924934 13 13.0
15 0.7442449927330017 0.7442449927330017 14.19207294656939 14.19207294656939 0 0.0
15 0.7927157878875732 0.7927157878875732 14.725334625737855 14.725334625737855 0 0.0
15 0.7115927934646606 0.7115927934646606 15.587472901264764 15.587472901264764 0 0.0
15 0.8002291321754456 0.8002291321754456 14.117344925549686 14.117344925549686 0 0.0
15 0.9999997615814209 0.9999997615814209 70.51657912521462 70.51657912521462 14 14.0
15 0.7201564908027649 0.7201564908027649 14.355984054468752 14.355984054468752 0 0.0
15 0.9999995827674866 0.9999995827674866 68.35237018541957 68.35237018541957 13 13.0
15 0.7848053574562073 0.7848053574562073 13.976452344030111 13.976452344030111 0 0.0
15 0.7605212926864624 0.7605212926864624 13.155294039312878 13.155294039312878 0 0.0
15 0.8152811527252197 0.8152811527252197 14.627140719382286 14.627140719382286 0 0.0
15 0.8168622255325317 0.8168622255325317 17.207530888706444 17.207530888706444 0 0.0
15 0.9999995231628418 0.9999995231628418 66.63316622211386 66.63316622211386 12 12.0
15 0.9999997019767761 0.9999997019767761 68.44230502801733 68.44230502801733 11 11.0
15 0.8162950873374939 0.8162950873374939 14.190656923844951 14.190656923844951 0 0.0
15 0.9999995231628418 0.9999995231628418 67.50701644984481 67.50701644984481 12 12.0
