N Max_Pearson Avg_Pearson Max_PSNR Avg_PSNR Max_Recovered Avg_Recovered
10 0.8864255547523499 0.8864255547523499 15.864604863168044 15.864604863168044 0 0.0
10 0.6818137168884277 0.6818137168884277 13.050735130436715 13.050735130436715 0 0.0
10 0.9253771901130676 0.9253771901130676 18.875776254209985 18.875776254209985 0 0.0
10 0.7430238127708435 0.7430238127708435 13.7908525589288 13.7908525589288 0 0.0
10 0.9955469965934753 0.9955469965934753 29.381794957091863 29.381794957091863 2 2.0
10 0.8794431686401367 0.8794431686401367 16.396770737111982 16.396770737111982 0 0.0
10 0.9845735430717468 0.9845735430717468 23.230199872693046 23.230199872693046 1 1.0
10 0.8315320014953613 0.8315320014953613 15.662014722894924 15.662014722894924 0 0.0
10 0.9919613003730774 0.9919613003730774 25.47143261033572 25.47143261033572 3 3.0
10 0.9865441918373108 0.9865441918373108 27.293543695298943 27.293543695298943 2 2.0
