N Max_Pearson Avg_Pearson Max_PSNR Avg_PSNR Max_Recovered Avg_Recovered
10 0.7746301889419556 0.7746301889419556 13.619017087951658 13.619017087951658 0 0.0
10 0.47967731952667236 0.47967731952667236 12.112654287527867 12.112654287527867 0 0.0
10 0.8487850427627563 0.8487850427627563 15.519434489689454 15.519434489689454 0 0.0
10 0.5876039266586304 0.5876039266586304 12.234284145823981 12.234284145823981 0 0.0
10 0.9109671711921692 0.9109671711921692 16.49501479538746 16.49501479538746 0 0.0
10 0.7769535183906555 0.7769535183906555 14.185369890312094 14.185369890312094 0 0.0
10 0.9041221737861633 0.9041221737861633 15.1165713696262 15.1165713696262 0 0.0
10 0.6832305788993835 0.6832305788993835 13.391306143395292 13.391306143395292 0 0.0
10 0.8493935465812683 0.8493935465812683 15.070443952882133 15.070443952882133 0 0.0
10 0.7756641507148743 0.7756641507148743 15.320990291493612 15.320990291493612 0 0.0
