N Max_Pearson Avg_Pearson Max_PSNR Avg_PSNR Max_Recovered Avg_Recovered
10 0.8797590136528015 0.8797590136528015 15.634899457329412 15.634899457329412 0 0.0
10 0.6286479830741882 0.6286479830741882 12.490061665289407 12.490061665289407 0 0.0
10 0.9221948385238647 0.9221948385238647 18.673909009014782 18.673909009014782 0 0.0
10 0.7085569500923157 0.7085569500923157 13.634469501891848 13.634469501891848 0 0.0
10 0.9901755452156067 0.9901755452156067 26.005025369762194 26.005025369762194 1 1.0
10 0.8628421425819397 0.8628421425819397 16.159766262300316 16.159766262300316 0 0.0
10 0.9795506596565247 0.9795506596565247 21.801283347629305 21.801283347629305 0 0.0
10 0.8225396275520325 0.8225396275520325 15.47160374341318 15.47160374341318 0 0.0
10 0.9822932481765747 0.9822932481765747 22.495099315111332 22.495099315111332 2 2.0
10 0.9705803990364075 0.9705803990364075 24.05180928449987 24.05180928449987 0 0.0
