N Max_Pearson Avg_Pearson Max_PSNR Avg_PSNR Max_Recovered Avg_Recovered
10 0.8910822868347168 0.8910822868347168 16.058465176846422 16.058465176846422 0 0.0
10 0.7329822182655334 0.7329822182655334 13.706569430615112 13.706569430615112 0 0.0
10 0.9279677867889404 0.9279677867889404 19.031421357362195 19.031421357362195 0 0.0
10 0.8529738187789917 0.8529738187789917 14.133890807421967 14.133890807421967 0 0.0
10 0.9988676309585571 0.9988676309585571 35.252549045204745 35.252549045204745 7 7.0
10 0.9197527170181274 0.9197527170181274 17.257335223662672 17.257335223662672 0 0.0
10 0.9908939599990845 0.9908939599990845 25.38333709078753 25.38333709078753 2 2.0
10 0.8396116495132446 0.8396116495132446 15.776007704272574 15.776007704272574 0 0.0
10 0.9979565739631653 0.9979565739631653 30.935678144298198 30.935678144298198 5 5.0
10 0.9965801239013672 0.9965801239013672 33.02953485172481 33.02953485172481 4 4.0
10 0.8999482989311218 0.8999482989311218 15.513452691460687 15.513452691460687 0 0.0
10 0.9975167512893677 0.9975167512893677 30.81422090636551 30.81422090636551 5 5.0
10 0.8637639880180359 0.8637639880180359 16.25583138458204 16.25583138458204 0 0.0
10 0.9979560971260071 0.9979560971260071 31.27673454423098 31.27673454423098 5 5.0
10 0.9986894726753235 0.9986894726753235 32.12315587395316 32.12315587395316 5 5.0
10 0.942130446434021 0.942130446434021 19.221430826088756 19.221430826088756 0 0.0
10 0.7548227310180664 0.7548227310180664 13.549345782717472 13.549345782717472 0 0.0
10 0.6711810827255249 0.6711810827255249 13.543200143295875 13.543200143295875 0 0.0
10 0.6668141484260559 0.6668141484260559 14.133770963188244 14.133770963188244 0 0.0
10 0.9988510608673096 0.9988510608673096 34.733476620297054 34.733476620297054 7 7.0
10 0.5605738162994385 0.5605738162994385 11.568632561382765 11.568632561382765 0 0.0
10 0.9168996214866638 0.9168996214866638 16.113643928372458 16.113643928372458 0 0.0
10 0.6843761801719666 0.6843761801719666 12.779744995211036 12.779744995211036 0 0.0
10 0.7084180116653442 0.7084180116653442 12.997357941564678 12.997357941564678 0 0.0
10 0.7660397291183472 0.7660397291183472 13.958052047392355 13.958052047392355 0 0.0
10 0.7751501202583313 0.7751501202583313 16.80079216020138 16.80079216020138 0 0.0
10 0.9979291558265686 0.9979291558265686 29.09375779563113 29.09375779563113 6 6.0
10 0.9986609816551208 0.9986609816551208 34.64720888944973 34.64720888944973 6 6.0
10 0.7891610860824585 0.7891610860824585 14.477466561484373 14.477466561484373 0 0.0
10 0.9983696341514587 0.9983696341514587 32.85818502149486 32.85818502149486 5 5.0
