N Max_Pearson Avg_Pearson Max_PSNR Avg_PSNR Max_Recovered Avg_Recovered
10 0.8910822868347168 0.8910822868347168 16.058465176846422 16.058465176846422 0 0.0
10 0.7329822182655334 0.7329822182655334 13.706569430615112 13.706569430615112 0 0.0
10 0.9279677867889404 0.9279677867889404 19.031421357362195 19.031421357362195 0 0.0
10 0.8529738187789917 0.8529738187789917 14.133890807421967 14.133890807421967 0 0.0
10 0.9988676309585571 0.9988676309585571 35.252549045204745 35.252549045204745 7 7.0
10 0.9197527170181274 0.9197527170181274 17.257335223662672 17.257335223662672 0 0.0
10 0.9908939599990845 0.9908939599990845 25.38333709078753 25.38333709078753 2 2.0
10 0.8396116495132446 0.8396116495132446 15.776007704272574 15.776007704272574 0 0.0
10 0.9979565739631653 0.9979565739631653 30.935678144298198 30.935678144298198 5 5.0
10 0.9965801239013672 0.9965801239013672 33.02953485172481 33.02953485172481 4 4.0
