N Max_Pearson Avg_Pearson Max_PSNR Avg_PSNR
15 0.6173813343048096 0.6173813343048096 11.917886735328826 11.917886735328826
15 0.40538448095321655 0.40538448095321655 12.71767744076108 12.71767744076108
15 0.829767644405365 0.829767644405365 14.098090399532543 14.098090399532543
15 0.6095473766326904 0.6095473766326904 12.17906221861217 12.179062218612168
15 0.42948412895202637 0.42948412895202637 10.346068331799309 10.346068331799309
15 0.4855714738368988 0.4855714738368988 10.254186431651629 10.254186431651629
15 0.6377241015434265 0.6377241015434265 10.70340165248332 10.70340165248332
15 0.8123247623443604 0.8123247623443604 15.450079850512708 15.450079850512708
15 0.14223551750183105 0.14223551750183105 10.300086371371464 10.300086371371464
15 0.5324943661689758 0.5324943661689758 13.718720617035704 13.718720617035705
15 0.5671531558036804 0.5671531558036804 13.32934004053593 13.32934004053593
15 0.6244604587554932 0.6244604587554932 10.860589100095552 10.860589100095552
15 0.878096878528595 0.878096878528595 15.655461413093297 15.655461413093297
15 0.4377329647541046 0.4377329647541046 12.506079662466707 12.506079662466709
15 0.8623733520507812 0.8623733520507812 15.259529680190237 15.259529680190235
15 0.5175091624259949 0.5175091624259949 13.238138085461312 13.23813808546131
15 0.5631798505783081 0.5631798505783081 13.483854268624459 13.48385426862446
15 0.7869715690612793 0.7869715690612793 15.468516561289668 15.468516561289668
15 0.79756098985672 0.79756098985672 15.277181566293109 15.277181566293109
15 0.840471088886261 0.840471088886261 14.108115644128862 14.108115644128864
15 0.6772997379302979 0.6772997379302979 14.864196631962553 14.864196631962551
15 0.5573715567588806 0.5573715567588806 13.142654357744007 13.142654357744007
15 0.43743839859962463 0.43743839859962463 12.54794382565909 12.54794382565909
15 0.617925763130188 0.617925763130188 10.776392868156464 10.776392868156464
15 0.6540918946266174 0.6540918946266174 12.289743458292557 12.289743458292557
15 0.8006483912467957 0.8006483912467957 15.483879539970493 15.483879539970493
15 0.7812941670417786 0.7812941670417786 13.06851387136051 13.06851387136051
15 0.5668337941169739 0.5668337941169739 13.517014358986588 13.517014358986588
15 0.5678189992904663 0.5678189992904663 12.571197417328385 12.571197417328385
15 0.5899295210838318 0.5899295210838318 12.479764725515455 12.479764725515457