N Max_Pearson Avg_Pearson Max_PSNR Avg_PSNR Max_Recovered Avg_Recovered
5 0.8787359595298767 0.8787359595298767 19.373110454429668 19.373110454429668 0 0.0
5 0.46664944291114807 0.46664944291114807 11.55256838164897 11.55256838164897 0 0.0
5 0.9999999403953552 0.9999999403953552 81.24498652332214 81.24498652332214 5 5.0
5 0.7461100816726685 0.7461100816726685 14.178874325415297 14.178874325415297 0 0.0
5 1.0 1.0 79.88080268198294 79.88080268198294 5 5.0
5 1.0 1.0 78.44234188681914 78.44234188681914 5 5.0
5 1.0 1.0 75.56655353984823 75.56655353984823 4 4.0
5 0.8386226892471313 0.8386226892471313 15.855373585285886 15.855373585285886 0 0.0
5 1.0 1.0 77.17513177884152 77.17513177884152 4 4.0
5 0.9999998211860657 0.9999998211860657 75.1852471248868 75.1852471248868 3 3.0
5 1.0 1.0 76.84801995938786 76.84801995938786 4 4.0
5 1.0 1.0 75.5209265587907 75.5209265587907 5 5.0
5 0.9181685447692871 0.9181685447692871 18.83556088857769 18.83556088857769 0 0.0
5 1.0 1.0 79.80606074340484 79.80606074340484 4 4.0
5 0.9999998807907104 0.9999998807907104 76.99488155591025 76.99488155591025 4 4.0
5 0.697874128818512 0.697874128818512 13.801037640289323 13.801037640289323 0 0.0
5 0.6007058620452881 0.6007058620452881 12.314913923365395 12.314913923365395 0 0.0
5 0.554985523223877 0.554985523223877 14.2922288152221 14.2922288152221 0 0.0
5 0.6133916974067688 0.6133916974067688 13.331712486210508 13.331712486210508 0 0.0
5 1.0 1.0 80.29386700063314 80.29386700063314 5 5.0
5 0.5719808340072632 0.5719808340072632 12.308276242343126 12.308276242343126 0 0.0
5 1.0 1.0 77.45480032555867 77.45480032555867 4 4.0
5 0.6850187182426453 0.6850187182426453 11.93341653750111 11.93341653750111 0 0.0
5 0.6125640869140625 0.6125640869140625 11.839448645562669 11.839448645562669 0 0.0
5 0.7708536982536316 0.7708536982536316 12.918404274017893 12.918404274017893 0 0.0
5 0.7445852756500244 0.7445852756500244 16.781319733002604 16.781319733002604 0 0.0
5 1.0 1.0 75.31317080392807 75.31317080392807 4 4.0
5 1.0 1.0 78.10382599448343 78.10382599448343 4 4.0
5 0.7047224044799805 0.7047224044799805 12.700343287495933 12.700343287495933 0 0.0
5 1.0 1.0 77.27488614257513 77.27488614257513 4 4.0
